10004
10007
10009
10011
10012
10015
10016
10017
10019
10020
10021
10022
10023
10024
10025
10026
10027
10028
10029
10030
10070
10071
10179
10180
10183
10187
10188
10189
10190
10191
10192
10193
10194
10195
10198
10201
10202
10203
10204
10205
10206
10207
10208
10209
10211
10213
10214
10215
10216
10217
10218
10219
10220
10221
10222
10223
10224
10225
10226
10227
10228
10229
10230
10231
10232
10233
10234
10235
10236
10237
10238
10239
10240
10241
10242
10243
10244
10245
10246
10247
10248
10249
10250
10251
10252
10253
10254
10255
10257
10258
10259
10263
10265
10266
10267
10268
10270
10271
10311
10312
10313
10314
10315
10316
10317
10318
10319
10320
10321
10322
10324
10325
10326
10328
10329
10330
10331
10332
10333
10334
10335
10336
10340
10341
10342
10343
10344
10345
10346
10347
10348
10349
10351
10352
10353
10354
10355
10356
10357
10359
10360
10361
10362
10363
10365
10366
10367
10368
10369
10371
10372
10375
10376
10377
10378
10379
10380
10381
10383
10384
10385
10386
10387
10388
10389
10390
10392
10393
10394
10395
10396
10398
10400
10401
10403
10405
10406
10407
10408
10409
10410
10411
10412
10413
10414
10416
10419
10420
10421
10422
10424
10425
10426
10427
10428
10429
10430
10432
10434
10436
10438
10439
10441
10442
10443
10444
10445
10446
10447
10448
10449
10423
10452
10455
10457
10459
10461
10462
10463
10464
10465
10466
10467
10469
10470
10473
10479
10485
10495
10496
10497
10498
10499
10501
10502
10504
10505
10507
10508
10509
10510
10511
10514
10515
10516
10517
10518
10519
10520
10521
10523
10526
10527
10528
10534
10535
10536
10537
10540
10547
10549
10550
10552
10553
10554
10555
10556
10557
10558
10559
10560
10563
10564
10565
10566
10567
10568
10569
10570
10574
10578
10579
10580
10581
10582
10583
10584
10585
10586
10596
10599
10600
10602
10603
10604
10605
10606
10607
10608
10610
10611
10612
10615
10616
10617
10625
10626
10627
10628
10631
10637
10638
10639
10640
10641
10642
10643
10645
10647
10648
10649
10650
10651
10652
10653
10654
10655
10656
10657
10658
10659
10660
10661
10662
10663
10672
10673
10676
10677
10678
10680
10681
10682
10684
10685
10686
10688
10689
10690
10691
10692
10693
10694
10695
10696
10697
10710
10712
10713
10714
10715
10721
10725
10727
10728
10730
10731
10732
10733
10734
10738
10743
10744
10745
10749
10750
10751
10752
10754
10755
10756
10757
10760
10761
10762
10763
10764
10765
10766
10767
10770
10771
10772
10773
10774
10775
10776
10777
10778
10779
10781
10782
10783
10784
10785
10786
10787
10788
10789
10790
10791
10792
10793
10794
10795
10796
10797
10808
10809
10810
10811
10813
10814
10815
10816
10817
10818
10819
10820
10821
10822
10823
10824
10828
10829
10830
10831
10832
10834
10835
10836
10838
10839
10840
10843
10844
10845
10848
10849
10850
10851
10859
10877
10881
10884
10886
10887
10888
10889
10895
10897
10898
10901
10902
10906
10907
10908
10909
10910
10911
10912
10913
10914
10918
10919
10920
10921
10922
10923
10924
10926
10927
10929
10930
10933
10934
10935
10936
10937
10938
10940
10941
10942
10943
10944
10961
10962
10963
10964
10965
10966
10967
10968
10969
10971
10972
10973
10974
10975
10976
10977
10978
10979
10980
10981
10982
10983
10984
10985
10986
10991
10993
10997
10998
10999
11000
11001
11003
11006
11007
11008
11009
11010
11011
11012
11013
11014
11017
11019
11020
11021
11022
11023
11024
11026
11027
11030
11033
11034
11035
11036
11037
11038
11039
11040
11042
11043
11044
11045
11046
11048
11049
11050
11051
11052
11053
11054
11055
11056
11057
11058
11059
11060
11061
11062
11063
11070
11075
11076
11077
11078
11079
11080
11081
11082
11083
11084
11085
11086
11087
11088
11089
11090
11091
11092
11093
11094
11095
11096
11097
11098
11100
11101
11102
11103
11104
11105
11106
11107
11112
11113
11114
11115
11116
11117
11118
11119
11120
11121
11122
11124
11125
11127
11128
11129
11130
11131
11132
11133
11136
11137
11138
11141
11142
11144
11145
11146
11147
11148
11149
11151
11155
11156
11159
11160
11161
11162
11163
11164
11165
11166
11167
11171
11172
11173
11183
11184
11186
11187
11188
11189
11190
11191
11192
11193
11194
11195
11196
11197
11198
11199
11200
11201
11202
11203
11204
11205
11206
11207
11208
11209
11210
11211
11212
11213
11214
11215
11216
11217
11218
11219
11220
11221
11223
11224
11225
11227
11228
11229
11230
11231
11232
11234
11237
11238
11239
11240
11241
11242
11244
11245
11246
11249
11250
11254
11255
11256
11257
11258
11259
11261
11262
11263
11265
11266
11267
11268
11279
11282
11283
11284
11285
11286
11287
11288
11289
11294
11295
11296
11298
11299
11300
11301
11303
11304
11305
11306
11308
11310
11316
11317
11318
11319
11320
11321
11322
11323
11324
11325
11326
11327
11331
11332
11333
11334
11335
11336
11337
11338
11339
11340
11342
11343
11344
11345
11346
11347
11349
11350
11351
11354
11355
11357
11358
11359
11360
11363
11366
11367
11368
11369
11370
11372
11373
11375
11376
11377
11378
11379
11380
11381
11383
11384
11385
11386
11387
11389
11392
11393
11394
11395
11396
11397
11400
11403
11404
11405
11406
11407
11408
11409
11410
11419
11421
11422
11423
11424
11425
11426
11427
11428
11430
11432
11433
11434
11435
11445
11446
11447
11448
11454
11455
11458
11463
11464
11465
11484
11485
11486
11487
11488
11489
11490
11491
11492
11493
11494
11495
11496
11497
11498
11499
11500
11501
11502
11521
11522
11523
11530
11531
11532
11533
11535
11536
11539
11540
11541
11542
11543
11544
11545
11546
11547
11548
11549
11555
11556
11557
11558
11559
11560
11563
11564
11565
11566
11570
11572
11573
11574
11575
11577
11580
11582
11583
11585
11589
11590
11591
11592
11595
11597
11598
11601
11604
11605
11607
11608
11609
11610
11611
11612
11613
11614
11615
11616
11617
11618
11619
11620
11621
11622
11623
11624
11625
11627
11628
11631
11632
11633
11634
11635
11636
11641
11642
11647
